7.4 7.4
2.3 4.5
4.7 3.8
7.9 9.6
6.9 3.5
9.8 9.3
6.3 8.4
8.4 8.9
5.8 4.0
7.8 10.0
2.9 8.8
2.1 9.6
6.0 4.0
6.8 2.4
8.7 5.2
6.4 4.4
9.5 8.0
1.0 6.6
2.6 7.1
3.8 2.1
2.1 3.2
7.7 5.5
7.6 3.3
9.9 4.1
5.1 9.2
2.0 1.8
2.0 2.1
6.7 3.9
2.8 5.7
6.6 3.9
3.6 7.4
1.9 6.7
2.9 2.1
7.5 3.4
9.3 8.4
8.8 9.1
6.4 6.0
9.1 6.1
3.5 7.2
5.1 1.5
9.2 4.9
4.2 2.9
7.3 6.4
5.7 2.5
7.7 4.4
3.2 5.7
7.2 8.9
4.9 7.0
4.0 4.0
7.3 4.0
4.7 9.8
2.5 1.7
3.6 6.2
9.1 3.0
4.5 2.0
8.2 6.3
7.1 2.7
3.5 9.2
6.5 9.6
8.2 5.0
1.4 7.2
6.3 3.1
1.3 3.3
9.5 4.9
6.1 2.1
5.0 2.6
4.2 9.1
9.6 6.0
5.6 3.4
8.4 1.7
1.9 4.4
5.2 7.9
3.6 7.0
5.5 3.7
6.5 2.1
1.9 6.8
8.4 8.2
3.1 6.1
7.7 6.9
10.0 3.6
3.5 3.0
4.7 2.0
4.4 3.6
2.8 7.9
6.1 8.9
8.3 1.3
5.4 6.9
1.2 3.8
9.4 8.5
2.3 1.3
7.5 7.1
2.8 4.2
9.5 4.6
2.5 2.2
5.4 8.9
3.4 1.0
4.0 7.0
3.7 6.4
7.8 6.5
2.4 8.3
