3.2 7.8
1.5 5.4
7.1 2.9
4.4 8.2
6.9 3.1
2.7 9.6
8.4 6.1
9.2 1.8
3.6 3.4
1.8 9.4
7.5 5.7
6.3 4.2
5.0 1.2
2.3 7.9
9.5 8.6
4.1 6.7
1.2 3.6
8.1 4.3
5.4 9.1
6.8 7.5
7.9 1.4
2.9 4.6
3.4 6.3
9.7 5.0
1.1 8.8
5.7 3.3
4.5 2.1
3.8 9.2
7.6 8.9
2.0 6.8
6.2 5.9
8.3 7.4
1.4 4.9
4.3 3.0
5.1 7.6
7.2 5.4
9.0 2.7
3.7 8.3
6.4 1.9
2.8 5.3
4.7 9.5
1.9 2.8
8.6 3.2
7.0 9.3
5.8 6.0
9.3 4.4
3.5 2.9
6.7 8.8
2.4 7.2
7.8 6.5
8.9 7.3
4.6 5.2
9.4 6.9
3.9 4.7
2.1 1.5
6.5 3.8
5.2 7.4
8.0 9.1
9.6 3.3
1.6 2.4
7.3 4.6
2.6 6.1
6.0 8.2
3.1 9.8
4.9 3.2
5.6 4.0
1.7 6.9
8.2 2.5
7.4 8.7
9.9 5.3
2.5 4.8
4.0 7.7
6.6 2.2
5.3 9.6
8.7 1.6
3.0 2.6
1.3 5.7
7.7 3.4
9.8 8.5
4.8 1.9
2.2 9.7
6.1 5.1
9.1 7.8
8.8 6.6
1.9 8.0
5.9 2.3
4.2 8.6
7.0 6.4
3.3 5.0
2.0 8.9
9.0 4.9
8.5 2.4
6.3 9.4
1.4 7.3
