7.3 4.3
2.0 7.6
9.1 1.3
1.4 7.4
3.7 8.9
8.4 4.5
6.6 1.3
2.3 8.9
5.9 7.0
6.9 2.2
5.0 5.9
8.2 7.2
3.7 2.7
9.3 3.7
7.0 6.7
1.1 9.3
7.8 5.3
5.0 3.0
7.0 5.9
8.7 5.6
3.2 3.6
9.8 5.0
9.0 8.1
7.6 1.8
4.2 7.0
1.9 4.6
6.7 1.9
3.7 6.6
2.3 7.2
2.1 8.4
6.5 8.2
3.6 3.0
4.0 5.2
6.8 1.3
6.3 8.1
5.8 1.5
3.1 5.2
4.9 9.4
2.6 6.5
5.3 9.9
1.2 9.9
4.9 7.5
6.1 8.8
9.0 4.8
4.8 6.4
9.9 7.4
3.9 2.5
3.5 7.3
9.5 7.0
4.9 9.0
1.6 9.8
1.8 8.2
2.0 8.0
6.8 3.9
7.4 7.7
6.8 3.4
4.6 8.7
1.2 4.4
3.3 6.4
2.8 8.5
9.3 5.9
9.8 2.1
1.3 8.0
1.7 6.2
2.5 6.5
8.9 8.5
7.7 1.3
3.4 9.6
5.0 3.8
4.4 4.7
4.8 6.1
6.6 7.5
6.7 6.2
6.1 7.7
7.4 6.0
2.0 3.5
1.8 5.2
5.6 8.5
1.9 6.9
3.4 9.7
3.4 3.9
9.1 8.8
5.3 2.6
6.2 3.9
4.1 4.1
10.0 6.8
5.2 3.1
5.0 9.2
7.5 1.2
1.9 5.2
7.0 9.2
1.7 3.1
4.4 8.7
8.9 1.1
6.1 8.0
1.8 9.2
7.9 8.3
5.4 3.9
1.8 3.9
1.6 5.1
